(kicad_pcb (version 20171130) (host pcbnew 5.1.5)

  (general
    (thickness 1.6)
    (drawings 4)
    (tracks 0)
    (zones 0)
    (modules 18)
    (nets 22)
  )

  (page A4)
  (layers
    (0 F.Cu signal)
    (31 B.Cu signal)
    (32 B.Adhes user)
    (33 F.Adhes user)
    (34 B.Paste user)
    (35 F.Paste user)
    (36 B.SilkS user)
    (37 F.SilkS user)
    (38 B.Mask user)
    (39 F.Mask user)
    (40 Dwgs.User user)
    (41 Cmts.User user)
    (42 Eco1.User user)
    (43 Eco2.User user)
    (44 Edge.Cuts user)
    (45 Margin user)
    (46 B.CrtYd user)
    (47 F.CrtYd user)
    (48 B.Fab user)
    (49 F.Fab user)
  )

  (setup
    (last_trace_width 0.25)
    (trace_clearance 0.2)
    (zone_clearance 0.508)
    (zone_45_only no)
    (trace_min 0.2)
    (via_size 0.8)
    (via_drill 0.4)
    (via_min_size 0.4)
    (via_min_drill 0.3)
    (uvia_size 0.3)
    (uvia_drill 0.1)
    (uvias_allowed no)
    (uvia_min_size 0.2)
    (uvia_min_drill 0.1)
    (edge_width 0.05)
    (segment_width 0.2)
    (pcb_text_width 0.3)
    (pcb_text_size 1.5 1.5)
    (mod_edge_width 0.12)
    (mod_text_size 1 1)
    (mod_text_width 0.15)
    (pad_size 1.524 1.524)
    (pad_drill 0.762)
    (pad_to_mask_clearance 0.051)
    (solder_mask_min_width 0.25)
    (aux_axis_origin 0 0)
    (visible_elements FFFFFF7F)
    (pcbplotparams
      (layerselection 0x010fc_ffffffff)
      (usegerberextensions false)
      (usegerberattributes false)
      (usegerberadvancedattributes false)
      (creategerberjobfile false)
      (excludeedgelayer true)
      (linewidth 0.100000)
      (plotframeref false)
      (viasonmask false)
      (mode 1)
      (useauxorigin false)
      (hpglpennumber 1)
      (hpglpenspeed 20)
      (hpglpendiameter 15.000000)
      (psnegative false)
      (psa4output false)
      (plotreference true)
      (plotvalue true)
      (plotinvisibletext false)
      (padsonsilk false)
      (subtractmaskfromsilk false)
      (outputformat 1)
      (mirror false)
      (drillshape 1)
      (scaleselection 1)
      (outputdirectory ""))
  )

  (net 0 "")
  (net 1 "Net-(C1-Pad1)")
  (net 2 GND)
  (net 3 "Net-(C2-Pad1)")
  (net 4 "Net-(C3-Pad2)")
  (net 5 "Net-(C4-Pad2)")
  (net 6 "Net-(D1-PadA)")
  (net 7 "Net-(D1-PadC)")
  (net 8 "Net-(D2-PadC)")
  (net 9 "Net-(D2-PadA)")
  (net 10 "Net-(Q3-Pad1)")
  (net 11 "Net-(Q3-Pad3)")
  (net 12 "Net-(Q3-Pad4)")
  (net 13 "Net-(Q4-Pad2)")
  (net 14 "Net-(Q4-Pad3)")
  (net 15 "Net-(R1-Pad1)")
  (net 16 "Net-(U1-Pad1)")
  (net 17 +15V_1)
  (net 18 "Net-(U1-Pad7)")
  (net 19 "Net-(U1-Pad8)")
  (net 20 "Net-(U1-Pad14)")
  (net 21 "Net-(U3-Pad3)")

  (net_class Default "This is the default net class."
    (clearance 0.2)
    (trace_width 0.25)
    (via_dia 0.8)
    (via_drill 0.4)
    (uvia_dia 0.3)
    (uvia_drill 0.1)
    (add_net +15V_1)
    (add_net GND)
    (add_net "Net-(C1-Pad1)")
    (add_net "Net-(C2-Pad1)")
    (add_net "Net-(C3-Pad2)")
    (add_net "Net-(C4-Pad2)")
    (add_net "Net-(D1-PadA)")
    (add_net "Net-(D1-PadC)")
    (add_net "Net-(D2-PadA)")
    (add_net "Net-(D2-PadC)")
    (add_net "Net-(Q3-Pad1)")
    (add_net "Net-(Q3-Pad3)")
    (add_net "Net-(Q3-Pad4)")
    (add_net "Net-(Q4-Pad2)")
    (add_net "Net-(Q4-Pad3)")
    (add_net "Net-(R1-Pad1)")
    (add_net "Net-(U1-Pad1)")
    (add_net "Net-(U1-Pad14)")
    (add_net "Net-(U1-Pad7)")
    (add_net "Net-(U1-Pad8)")
    (add_net "Net-(U3-Pad3)")
  )

  (module Capacitor_SMD:C_0603_1608Metric (layer F.Cu) (tedit 5B301BBE) (tstamp 5E83AA25)
    (at 170.627601 83.968001)
    (descr "Capacitor SMD 0603 (1608 Metric), square (rectangular) end terminal, IPC_7351 nominal, (Body size source: http://www.tortai-tech.com/upload/download/2011102023233369053.pdf), generated with kicad-footprint-generator")
    (tags capacitor)
    (path /5DB0EDFA)
    (attr smd)
    (fp_text reference C1 (at 0 -1.43) (layer F.SilkS)
      (effects (font (size 1 1) (thickness 0.15)))
    )
    (fp_text value CAP (at 0 1.43) (layer F.Fab)
      (effects (font (size 1 1) (thickness 0.15)))
    )
    (fp_line (start -0.8 0.4) (end -0.8 -0.4) (layer F.Fab) (width 0.1))
    (fp_line (start -0.8 -0.4) (end 0.8 -0.4) (layer F.Fab) (width 0.1))
    (fp_line (start 0.8 -0.4) (end 0.8 0.4) (layer F.Fab) (width 0.1))
    (fp_line (start 0.8 0.4) (end -0.8 0.4) (layer F.Fab) (width 0.1))
    (fp_line (start -0.162779 -0.51) (end 0.162779 -0.51) (layer F.SilkS) (width 0.12))
    (fp_line (start -0.162779 0.51) (end 0.162779 0.51) (layer F.SilkS) (width 0.12))
    (fp_line (start -1.48 0.73) (end -1.48 -0.73) (layer F.CrtYd) (width 0.05))
    (fp_line (start -1.48 -0.73) (end 1.48 -0.73) (layer F.CrtYd) (width 0.05))
    (fp_line (start 1.48 -0.73) (end 1.48 0.73) (layer F.CrtYd) (width 0.05))
    (fp_line (start 1.48 0.73) (end -1.48 0.73) (layer F.CrtYd) (width 0.05))
    (fp_text user %R (at 0 0) (layer F.Fab)
      (effects (font (size 0.4 0.4) (thickness 0.06)))
    )
    (pad 1 smd roundrect (at -0.7875 0) (size 0.875 0.95) (layers F.Cu F.Paste F.Mask) (roundrect_rratio 0.25)
      (net 1 "Net-(C1-Pad1)"))
    (pad 2 smd roundrect (at 0.7875 0) (size 0.875 0.95) (layers F.Cu F.Paste F.Mask) (roundrect_rratio 0.25)
      (net 2 GND))
    (model ${KISYS3DMOD}/Capacitor_SMD.3dshapes/C_0603_1608Metric.wrl
      (at (xyz 0 0 0))
      (scale (xyz 1 1 1))
      (rotate (xyz 0 0 0))
    )
  )

  (module Capacitor_SMD:C_0603_1608Metric (layer F.Cu) (tedit 5B301BBE) (tstamp 5E83AA36)
    (at 157.327601 90.318001)
    (descr "Capacitor SMD 0603 (1608 Metric), square (rectangular) end terminal, IPC_7351 nominal, (Body size source: http://www.tortai-tech.com/upload/download/2011102023233369053.pdf), generated with kicad-footprint-generator")
    (tags capacitor)
    (path /5DB0E331)
    (attr smd)
    (fp_text reference C2 (at 0 -1.43) (layer F.SilkS)
      (effects (font (size 1 1) (thickness 0.15)))
    )
    (fp_text value CAP (at 0 1.43) (layer F.Fab)
      (effects (font (size 1 1) (thickness 0.15)))
    )
    (fp_text user %R (at 0 0) (layer F.Fab)
      (effects (font (size 0.4 0.4) (thickness 0.06)))
    )
    (fp_line (start 1.48 0.73) (end -1.48 0.73) (layer F.CrtYd) (width 0.05))
    (fp_line (start 1.48 -0.73) (end 1.48 0.73) (layer F.CrtYd) (width 0.05))
    (fp_line (start -1.48 -0.73) (end 1.48 -0.73) (layer F.CrtYd) (width 0.05))
    (fp_line (start -1.48 0.73) (end -1.48 -0.73) (layer F.CrtYd) (width 0.05))
    (fp_line (start -0.162779 0.51) (end 0.162779 0.51) (layer F.SilkS) (width 0.12))
    (fp_line (start -0.162779 -0.51) (end 0.162779 -0.51) (layer F.SilkS) (width 0.12))
    (fp_line (start 0.8 0.4) (end -0.8 0.4) (layer F.Fab) (width 0.1))
    (fp_line (start 0.8 -0.4) (end 0.8 0.4) (layer F.Fab) (width 0.1))
    (fp_line (start -0.8 -0.4) (end 0.8 -0.4) (layer F.Fab) (width 0.1))
    (fp_line (start -0.8 0.4) (end -0.8 -0.4) (layer F.Fab) (width 0.1))
    (pad 2 smd roundrect (at 0.7875 0) (size 0.875 0.95) (layers F.Cu F.Paste F.Mask) (roundrect_rratio 0.25)
      (net 2 GND))
    (pad 1 smd roundrect (at -0.7875 0) (size 0.875 0.95) (layers F.Cu F.Paste F.Mask) (roundrect_rratio 0.25)
      (net 3 "Net-(C2-Pad1)"))
    (model ${KISYS3DMOD}/Capacitor_SMD.3dshapes/C_0603_1608Metric.wrl
      (at (xyz 0 0 0))
      (scale (xyz 1 1 1))
      (rotate (xyz 0 0 0))
    )
  )

  (module Capacitor_SMD:C_0603_1608Metric (layer F.Cu) (tedit 5B301BBE) (tstamp 5E83AA47)
    (at 173.697601 78.948001)
    (descr "Capacitor SMD 0603 (1608 Metric), square (rectangular) end terminal, IPC_7351 nominal, (Body size source: http://www.tortai-tech.com/upload/download/2011102023233369053.pdf), generated with kicad-footprint-generator")
    (tags capacitor)
    (path /5DB0F453)
    (attr smd)
    (fp_text reference C3 (at 0 -1.43) (layer F.SilkS)
      (effects (font (size 1 1) (thickness 0.15)))
    )
    (fp_text value CAP (at 0 1.43) (layer F.Fab)
      (effects (font (size 1 1) (thickness 0.15)))
    )
    (fp_text user %R (at 0 0) (layer F.Fab)
      (effects (font (size 0.4 0.4) (thickness 0.06)))
    )
    (fp_line (start 1.48 0.73) (end -1.48 0.73) (layer F.CrtYd) (width 0.05))
    (fp_line (start 1.48 -0.73) (end 1.48 0.73) (layer F.CrtYd) (width 0.05))
    (fp_line (start -1.48 -0.73) (end 1.48 -0.73) (layer F.CrtYd) (width 0.05))
    (fp_line (start -1.48 0.73) (end -1.48 -0.73) (layer F.CrtYd) (width 0.05))
    (fp_line (start -0.162779 0.51) (end 0.162779 0.51) (layer F.SilkS) (width 0.12))
    (fp_line (start -0.162779 -0.51) (end 0.162779 -0.51) (layer F.SilkS) (width 0.12))
    (fp_line (start 0.8 0.4) (end -0.8 0.4) (layer F.Fab) (width 0.1))
    (fp_line (start 0.8 -0.4) (end 0.8 0.4) (layer F.Fab) (width 0.1))
    (fp_line (start -0.8 -0.4) (end 0.8 -0.4) (layer F.Fab) (width 0.1))
    (fp_line (start -0.8 0.4) (end -0.8 -0.4) (layer F.Fab) (width 0.1))
    (pad 2 smd roundrect (at 0.7875 0) (size 0.875 0.95) (layers F.Cu F.Paste F.Mask) (roundrect_rratio 0.25)
      (net 4 "Net-(C3-Pad2)"))
    (pad 1 smd roundrect (at -0.7875 0) (size 0.875 0.95) (layers F.Cu F.Paste F.Mask) (roundrect_rratio 0.25)
      (net 2 GND))
    (model ${KISYS3DMOD}/Capacitor_SMD.3dshapes/C_0603_1608Metric.wrl
      (at (xyz 0 0 0))
      (scale (xyz 1 1 1))
      (rotate (xyz 0 0 0))
    )
  )

  (module Capacitor_SMD:C_0603_1608Metric (layer F.Cu) (tedit 5B301BBE) (tstamp 5E83AA58)
    (at 173.697601 81.458001)
    (descr "Capacitor SMD 0603 (1608 Metric), square (rectangular) end terminal, IPC_7351 nominal, (Body size source: http://www.tortai-tech.com/upload/download/2011102023233369053.pdf), generated with kicad-footprint-generator")
    (tags capacitor)
    (path /5DB0FAF8)
    (attr smd)
    (fp_text reference C4 (at 0 -1.43) (layer F.SilkS)
      (effects (font (size 1 1) (thickness 0.15)))
    )
    (fp_text value CAP (at 0 1.43) (layer F.Fab)
      (effects (font (size 1 1) (thickness 0.15)))
    )
    (fp_line (start -0.8 0.4) (end -0.8 -0.4) (layer F.Fab) (width 0.1))
    (fp_line (start -0.8 -0.4) (end 0.8 -0.4) (layer F.Fab) (width 0.1))
    (fp_line (start 0.8 -0.4) (end 0.8 0.4) (layer F.Fab) (width 0.1))
    (fp_line (start 0.8 0.4) (end -0.8 0.4) (layer F.Fab) (width 0.1))
    (fp_line (start -0.162779 -0.51) (end 0.162779 -0.51) (layer F.SilkS) (width 0.12))
    (fp_line (start -0.162779 0.51) (end 0.162779 0.51) (layer F.SilkS) (width 0.12))
    (fp_line (start -1.48 0.73) (end -1.48 -0.73) (layer F.CrtYd) (width 0.05))
    (fp_line (start -1.48 -0.73) (end 1.48 -0.73) (layer F.CrtYd) (width 0.05))
    (fp_line (start 1.48 -0.73) (end 1.48 0.73) (layer F.CrtYd) (width 0.05))
    (fp_line (start 1.48 0.73) (end -1.48 0.73) (layer F.CrtYd) (width 0.05))
    (fp_text user %R (at 0 0) (layer F.Fab)
      (effects (font (size 0.4 0.4) (thickness 0.06)))
    )
    (pad 1 smd roundrect (at -0.7875 0) (size 0.875 0.95) (layers F.Cu F.Paste F.Mask) (roundrect_rratio 0.25)
      (net 2 GND))
    (pad 2 smd roundrect (at 0.7875 0) (size 0.875 0.95) (layers F.Cu F.Paste F.Mask) (roundrect_rratio 0.25)
      (net 5 "Net-(C4-Pad2)"))
    (model ${KISYS3DMOD}/Capacitor_SMD.3dshapes/C_0603_1608Metric.wrl
      (at (xyz 0 0 0))
      (scale (xyz 1 1 1))
      (rotate (xyz 0 0 0))
    )
  )

  (module footprints:DO35-10 (layer F.Cu) (tedit 5E720876) (tstamp 5E83AA70)
    (at 145.3134 75.265201)
    (descr "<B>DIODE</B><p>diameter 2 mm, horizontal, grid 10.16 mm")
    (path /5D669E9E)
    (fp_text reference D1 (at 1.016645 -1.906215) (layer F.SilkS)
      (effects (font (size 1.000638 1.000638) (thickness 0.015)))
    )
    (fp_text value 1N4446 (at 2.288535 2.034255) (layer F.Fab)
      (effects (font (size 1.00111 1.00111) (thickness 0.015)))
    )
    (fp_poly (pts (xy -4.19473 -0.254) (xy -2.286 -0.254) (xy -2.286 0.254226) (xy -4.19473 0.254226)) (layer F.SilkS) (width 0.01))
    (fp_poly (pts (xy 2.28738 -0.254) (xy 4.191 -0.254) (xy 4.191 0.254153) (xy 2.28738 0.254153)) (layer F.SilkS) (width 0.01))
    (fp_poly (pts (xy -1.90874 -1.016) (xy -1.397 -1.016) (xy -1.397 1.01799) (xy -1.90874 1.01799)) (layer F.SilkS) (width 0.01))
    (fp_line (start -2.032 1.016) (end 2.032 1.016) (layer F.SilkS) (width 0.1524))
    (fp_line (start -2.032 -1.016) (end 2.032 -1.016) (layer F.SilkS) (width 0.1524))
    (fp_arc (start 2.032 0.762) (end 2.286 0.762) (angle 90) (layer F.SilkS) (width 0.1524))
    (fp_arc (start -2.032 0.762) (end -2.032 1.016) (angle 90) (layer F.SilkS) (width 0.1524))
    (fp_arc (start -2.032 -0.762) (end -2.032 -1.016) (angle -90) (layer F.SilkS) (width 0.1524))
    (fp_arc (start 2.032 -0.762) (end 2.286 -0.762) (angle -90) (layer F.SilkS) (width 0.1524))
    (fp_line (start 0 0) (end 0 0.635) (layer F.SilkS) (width 0.1524))
    (fp_line (start 0 -0.635) (end 0 0) (layer F.SilkS) (width 0.1524))
    (fp_line (start 0 0) (end 1.016 -0.635) (layer F.SilkS) (width 0.1524))
    (fp_line (start 0 0) (end 1.524 0) (layer F.SilkS) (width 0.1524))
    (fp_line (start 1.016 0.635) (end 0 0) (layer F.SilkS) (width 0.1524))
    (fp_line (start 1.016 -0.635) (end 1.016 0.635) (layer F.SilkS) (width 0.1524))
    (fp_line (start -0.635 0) (end 0 0) (layer F.SilkS) (width 0.1524))
    (fp_line (start -5.08 0) (end -4.191 0) (layer F.Fab) (width 0.508))
    (fp_line (start 5.08 0) (end 4.191 0) (layer F.Fab) (width 0.508))
    (pad A thru_hole oval (at 5.08 0) (size 2.6416 1.3208) (drill 0.8128) (layers *.Cu *.Mask)
      (net 6 "Net-(D1-PadA)"))
    (pad C thru_hole oval (at -5.08 0) (size 2.6416 1.3208) (drill 0.8128) (layers *.Cu *.Mask)
      (net 7 "Net-(D1-PadC)"))
  )

  (module footprints:DO35-10 (layer F.Cu) (tedit 5E720876) (tstamp 5E83AA88)
    (at 145.3134 72.085201)
    (descr "<B>DIODE</B><p>diameter 2 mm, horizontal, grid 10.16 mm")
    (path /5D669E92)
    (fp_text reference D2 (at 1.016645 -1.906215) (layer F.SilkS)
      (effects (font (size 1.000638 1.000638) (thickness 0.015)))
    )
    (fp_text value 1N4446 (at 2.288535 2.034255) (layer F.Fab)
      (effects (font (size 1.00111 1.00111) (thickness 0.015)))
    )
    (fp_line (start 5.08 0) (end 4.191 0) (layer F.Fab) (width 0.508))
    (fp_line (start -5.08 0) (end -4.191 0) (layer F.Fab) (width 0.508))
    (fp_line (start -0.635 0) (end 0 0) (layer F.SilkS) (width 0.1524))
    (fp_line (start 1.016 -0.635) (end 1.016 0.635) (layer F.SilkS) (width 0.1524))
    (fp_line (start 1.016 0.635) (end 0 0) (layer F.SilkS) (width 0.1524))
    (fp_line (start 0 0) (end 1.524 0) (layer F.SilkS) (width 0.1524))
    (fp_line (start 0 0) (end 1.016 -0.635) (layer F.SilkS) (width 0.1524))
    (fp_line (start 0 -0.635) (end 0 0) (layer F.SilkS) (width 0.1524))
    (fp_line (start 0 0) (end 0 0.635) (layer F.SilkS) (width 0.1524))
    (fp_arc (start 2.032 -0.762) (end 2.286 -0.762) (angle -90) (layer F.SilkS) (width 0.1524))
    (fp_arc (start -2.032 -0.762) (end -2.032 -1.016) (angle -90) (layer F.SilkS) (width 0.1524))
    (fp_arc (start -2.032 0.762) (end -2.032 1.016) (angle 90) (layer F.SilkS) (width 0.1524))
    (fp_arc (start 2.032 0.762) (end 2.286 0.762) (angle 90) (layer F.SilkS) (width 0.1524))
    (fp_line (start -2.032 -1.016) (end 2.032 -1.016) (layer F.SilkS) (width 0.1524))
    (fp_line (start -2.032 1.016) (end 2.032 1.016) (layer F.SilkS) (width 0.1524))
    (fp_poly (pts (xy -1.90874 -1.016) (xy -1.397 -1.016) (xy -1.397 1.01799) (xy -1.90874 1.01799)) (layer F.SilkS) (width 0.01))
    (fp_poly (pts (xy 2.28738 -0.254) (xy 4.191 -0.254) (xy 4.191 0.254153) (xy 2.28738 0.254153)) (layer F.SilkS) (width 0.01))
    (fp_poly (pts (xy -4.19473 -0.254) (xy -2.286 -0.254) (xy -2.286 0.254226) (xy -4.19473 0.254226)) (layer F.SilkS) (width 0.01))
    (pad C thru_hole oval (at -5.08 0) (size 2.6416 1.3208) (drill 0.8128) (layers *.Cu *.Mask)
      (net 8 "Net-(D2-PadC)"))
    (pad A thru_hole oval (at 5.08 0) (size 2.6416 1.3208) (drill 0.8128) (layers *.Cu *.Mask)
      (net 9 "Net-(D2-PadA)"))
  )

  (module footprints:DPAK229P990X239-4N (layer F.Cu) (tedit 5E720817) (tstamp 5E83AAB1)
    (at 156.63102 76.828001)
    (path /5D669F2F)
    (fp_text reference Q3 (at 0.63583 -7.24836) (layer F.SilkS)
      (effects (font (size 1.401811 1.401811) (thickness 0.015)))
    )
    (fp_text value FQD17P06TM (at 12.19612 8.00369) (layer F.Fab)
      (effects (font (size 1.400472 1.400472) (thickness 0.015)))
    )
    (fp_line (start -3.1 -4.098) (end -3.37 -4.098) (layer F.SilkS) (width 0.1524))
    (fp_line (start -3.37 -4.098) (end -3.37 2.123) (layer F.SilkS) (width 0.1524))
    (fp_line (start -3.37 2.123) (end 3.37 2.123) (layer F.SilkS) (width 0.1524))
    (fp_line (start 3.37 2.123) (end 3.37 -4.098) (layer F.SilkS) (width 0.1524))
    (fp_line (start 3.37 -4.098) (end 3.1 -4.098) (layer F.SilkS) (width 0.1524))
    (fp_poly (pts (xy -0.731314 -3.165) (xy 0.73 -3.165) (xy 0.73 -1.85834) (xy -0.731314 -1.85834)) (layer F.Paste) (width 0.01))
    (fp_poly (pts (xy -0.730308 -5.195) (xy 0.73 -5.195) (xy 0.73 -3.88664) (xy -0.730308 -3.88664)) (layer F.Paste) (width 0.01))
    (fp_poly (pts (xy -0.731223 -5.195) (xy 0.73 -5.195) (xy 0.73 -3.89151) (xy -0.731223 -3.89151)) (layer F.Paste) (width 0.01))
    (fp_poly (pts (xy -0.730594 -1.135) (xy 0.73 -1.135) (xy 0.73 0.175142) (xy -0.730594 0.175142)) (layer F.Paste) (width 0.01))
    (fp_poly (pts (xy 1.15057 -5.195) (xy 2.61 -5.195) (xy 2.61 -3.88691) (xy 1.15057 -3.88691)) (layer F.Paste) (width 0.01))
    (fp_poly (pts (xy 1.15027 -3.165) (xy 2.61 -3.165) (xy 2.61 -1.85544) (xy 1.15027 -1.85544)) (layer F.Paste) (width 0.01))
    (fp_poly (pts (xy 1.15076 -1.135) (xy 2.61 -1.135) (xy 2.61 0.175116) (xy 1.15076 0.175116)) (layer F.Paste) (width 0.01))
    (fp_poly (pts (xy -2.61478 -1.135) (xy -1.15 -1.135) (xy -1.15 0.17532) (xy -2.61478 0.17532)) (layer F.Paste) (width 0.01))
    (fp_poly (pts (xy -2.61119 -3.165) (xy -1.15 -3.165) (xy -1.15 -1.85584) (xy -2.61119 -1.85584)) (layer F.Paste) (width 0.01))
    (fp_poly (pts (xy -2.61508 -5.195) (xy -1.15 -5.195) (xy -1.15 -3.89255) (xy -2.61508 -3.89255)) (layer F.Paste) (width 0.01))
    (fp_line (start -3.62 -4.35) (end -3.07 -4.35) (layer F.CrtYd) (width 0.05))
    (fp_line (start -3.07 -4.35) (end -3.07 -5.81) (layer F.CrtYd) (width 0.05))
    (fp_line (start -3.07 -5.81) (end 3.07 -5.81) (layer F.CrtYd) (width 0.05))
    (fp_line (start 3.07 -5.81) (end 3.07 -4.35) (layer F.CrtYd) (width 0.05))
    (fp_line (start 3.07 -4.35) (end 3.62 -4.35) (layer F.CrtYd) (width 0.05))
    (fp_line (start 3.62 -4.35) (end 3.62 2.38) (layer F.CrtYd) (width 0.05))
    (fp_line (start 3.62 2.38) (end 3.14 2.38) (layer F.CrtYd) (width 0.05))
    (fp_line (start 3.14 2.38) (end 3.14 5.81) (layer F.CrtYd) (width 0.05))
    (fp_line (start 3.14 5.81) (end -3.14 5.81) (layer F.CrtYd) (width 0.05))
    (fp_line (start -3.14 5.81) (end -3.14 2.38) (layer F.CrtYd) (width 0.05))
    (fp_line (start -3.14 2.38) (end -3.62 2.38) (layer F.CrtYd) (width 0.05))
    (fp_line (start -3.62 2.38) (end -3.62 -4.35) (layer F.CrtYd) (width 0.05))
    (fp_circle (center -3.65 3.85) (end -3.508581 3.85) (layer F.SilkS) (width 0.254))
    (fp_line (start -3.1 -4.098) (end -3.37 -4.098) (layer F.Fab) (width 0.1524))
    (fp_line (start -3.37 -4.098) (end -3.37 2.123) (layer F.Fab) (width 0.1524))
    (fp_line (start -3.37 2.123) (end 3.37 2.123) (layer F.Fab) (width 0.1524))
    (fp_line (start 3.37 2.123) (end 3.37 -4.098) (layer F.Fab) (width 0.1524))
    (fp_line (start 3.37 -4.098) (end 3.1 -4.098) (layer F.Fab) (width 0.1524))
    (fp_circle (center -3.65 3.85) (end -3.508581 3.85) (layer F.Fab) (width 0.254))
    (pad 1 smd rect (at -2.29 4.14) (size 1.22 2.83) (layers F.Cu F.Paste F.Mask)
      (net 10 "Net-(Q3-Pad1)"))
    (pad 3 smd rect (at 2.29 4.14) (size 1.22 2.83) (layers F.Cu F.Paste F.Mask)
      (net 11 "Net-(Q3-Pad3)"))
    (pad 4 smd rect (at 0 -2.51) (size 5.63 6.1) (layers F.Cu F.Mask)
      (net 12 "Net-(Q3-Pad4)"))
  )

  (module footprints:TO-92EXPANDED (layer F.Cu) (tedit 5E7207D9) (tstamp 5E83AAC2)
    (at 144.4498 78.813544)
    (path /5D669F9A)
    (fp_text reference Q4 (at 6.350055 -1.270012) (layer F.SilkS)
      (effects (font (size 1.000008 1.000008) (thickness 0.015)))
    )
    (fp_text value 2N7000 (at 11.44169 1.90694) (layer F.Fab)
      (effects (font (size 1.001024 1.001024) (thickness 0.015)))
    )
    (fp_arc (start 0.000003 1.270049) (end -2.6549 1.524) (angle -32.781) (layer F.SilkS) (width 0.127))
    (fp_arc (start -0.000001 1.26998) (end -0.7863 -1.2785) (angle -78.3185) (layer F.SilkS) (width 0.127))
    (fp_arc (start 0.000012 1.270011) (end 2.0945 2.921) (angle -111.1) (layer F.SilkS) (width 0.127))
    (fp_line (start -2.0945 2.921) (end 2.0945 2.921) (layer F.SilkS) (width 0.127))
    (fp_line (start -2.2537 1.524) (end -0.2863 1.524) (layer F.Fab) (width 0.127))
    (fp_line (start 0.2863 1.524) (end 2.2537 1.524) (layer F.Fab) (width 0.127))
    (fp_arc (start 0 1.269999) (end 0.7863 -1.2785) (angle -34.2936) (layer F.Fab) (width 0.127))
    (fp_text user 2 (at 0 0.635738) (layer F.Fab)
      (effects (font (size 1.001165 1.001165) (thickness 0.015)))
    )
    (fp_text user 3 (at -2.79577 0.635403) (layer F.Fab)
      (effects (font (size 1.000638 1.000638) (thickness 0.015)))
    )
    (fp_text user 1 (at 1.78112 0.636114) (layer F.Fab)
      (effects (font (size 1.001756 1.001756) (thickness 0.015)))
    )
    (pad 1 thru_hole circle (at 4.445 0.635) (size 2.1844 2.1844) (drill 0.8) (layers *.Cu *.Mask)
      (net 10 "Net-(Q3-Pad1)"))
    (pad 2 thru_hole circle (at 0 0.635) (size 2.1844 2.1844) (drill 0.8) (layers *.Cu *.Mask)
      (net 13 "Net-(Q4-Pad2)"))
    (pad 3 thru_hole circle (at -4.445 0.635) (size 2.1844 2.1844) (drill 0.8) (layers *.Cu *.Mask)
      (net 14 "Net-(Q4-Pad3)"))
  )

  (module Resistor_SMD:R_0805_2012Metric (layer F.Cu) (tedit 5B36C52B) (tstamp 5E83AAD3)
    (at 153.117601 90.538001)
    (descr "Resistor SMD 0805 (2012 Metric), square (rectangular) end terminal, IPC_7351 nominal, (Body size source: https://docs.google.com/spreadsheets/d/1BsfQQcO9C6DZCsRaXUlFlo91Tg2WpOkGARC1WS5S8t0/edit?usp=sharing), generated with kicad-footprint-generator")
    (tags resistor)
    (path /5D66C0E9)
    (attr smd)
    (fp_text reference R1 (at 0 -1.65) (layer F.SilkS)
      (effects (font (size 1 1) (thickness 0.15)))
    )
    (fp_text value 20k (at 0 1.65) (layer F.Fab)
      (effects (font (size 1 1) (thickness 0.15)))
    )
    (fp_line (start -1 0.6) (end -1 -0.6) (layer F.Fab) (width 0.1))
    (fp_line (start -1 -0.6) (end 1 -0.6) (layer F.Fab) (width 0.1))
    (fp_line (start 1 -0.6) (end 1 0.6) (layer F.Fab) (width 0.1))
    (fp_line (start 1 0.6) (end -1 0.6) (layer F.Fab) (width 0.1))
    (fp_line (start -0.258578 -0.71) (end 0.258578 -0.71) (layer F.SilkS) (width 0.12))
    (fp_line (start -0.258578 0.71) (end 0.258578 0.71) (layer F.SilkS) (width 0.12))
    (fp_line (start -1.68 0.95) (end -1.68 -0.95) (layer F.CrtYd) (width 0.05))
    (fp_line (start -1.68 -0.95) (end 1.68 -0.95) (layer F.CrtYd) (width 0.05))
    (fp_line (start 1.68 -0.95) (end 1.68 0.95) (layer F.CrtYd) (width 0.05))
    (fp_line (start 1.68 0.95) (end -1.68 0.95) (layer F.CrtYd) (width 0.05))
    (fp_text user %R (at 0 0) (layer F.Fab)
      (effects (font (size 0.5 0.5) (thickness 0.08)))
    )
    (pad 1 smd roundrect (at -0.9375 0) (size 0.975 1.4) (layers F.Cu F.Paste F.Mask) (roundrect_rratio 0.25)
      (net 15 "Net-(R1-Pad1)"))
    (pad 2 smd roundrect (at 0.9375 0) (size 0.975 1.4) (layers F.Cu F.Paste F.Mask) (roundrect_rratio 0.25)
      (net 2 GND))
    (model ${KISYS3DMOD}/Resistor_SMD.3dshapes/R_0805_2012Metric.wrl
      (at (xyz 0 0 0))
      (scale (xyz 1 1 1))
      (rotate (xyz 0 0 0))
    )
  )

  (module Resistor_SMD:R_0805_2012Metric (layer F.Cu) (tedit 5B36C52B) (tstamp 5E83AAE4)
    (at 157.527601 87.588001)
    (descr "Resistor SMD 0805 (2012 Metric), square (rectangular) end terminal, IPC_7351 nominal, (Body size source: https://docs.google.com/spreadsheets/d/1BsfQQcO9C6DZCsRaXUlFlo91Tg2WpOkGARC1WS5S8t0/edit?usp=sharing), generated with kicad-footprint-generator")
    (tags resistor)
    (path /5D66BBE1)
    (attr smd)
    (fp_text reference R2 (at 0 -1.65) (layer F.SilkS)
      (effects (font (size 1 1) (thickness 0.15)))
    )
    (fp_text value 20k (at 0 1.65) (layer F.Fab)
      (effects (font (size 1 1) (thickness 0.15)))
    )
    (fp_line (start -1 0.6) (end -1 -0.6) (layer F.Fab) (width 0.1))
    (fp_line (start -1 -0.6) (end 1 -0.6) (layer F.Fab) (width 0.1))
    (fp_line (start 1 -0.6) (end 1 0.6) (layer F.Fab) (width 0.1))
    (fp_line (start 1 0.6) (end -1 0.6) (layer F.Fab) (width 0.1))
    (fp_line (start -0.258578 -0.71) (end 0.258578 -0.71) (layer F.SilkS) (width 0.12))
    (fp_line (start -0.258578 0.71) (end 0.258578 0.71) (layer F.SilkS) (width 0.12))
    (fp_line (start -1.68 0.95) (end -1.68 -0.95) (layer F.CrtYd) (width 0.05))
    (fp_line (start -1.68 -0.95) (end 1.68 -0.95) (layer F.CrtYd) (width 0.05))
    (fp_line (start 1.68 -0.95) (end 1.68 0.95) (layer F.CrtYd) (width 0.05))
    (fp_line (start 1.68 0.95) (end -1.68 0.95) (layer F.CrtYd) (width 0.05))
    (fp_text user %R (at 0 0) (layer F.Fab)
      (effects (font (size 0.5 0.5) (thickness 0.08)))
    )
    (pad 1 smd roundrect (at -0.9375 0) (size 0.975 1.4) (layers F.Cu F.Paste F.Mask) (roundrect_rratio 0.25)
      (net 12 "Net-(Q3-Pad4)"))
    (pad 2 smd roundrect (at 0.9375 0) (size 0.975 1.4) (layers F.Cu F.Paste F.Mask) (roundrect_rratio 0.25)
      (net 2 GND))
    (model ${KISYS3DMOD}/Resistor_SMD.3dshapes/R_0805_2012Metric.wrl
      (at (xyz 0 0 0))
      (scale (xyz 1 1 1))
      (rotate (xyz 0 0 0))
    )
  )

  (module Resistor_SMD:R_0805_2012Metric (layer F.Cu) (tedit 5B36C52B) (tstamp 5E83AAF5)
    (at 153.117601 87.588001)
    (descr "Resistor SMD 0805 (2012 Metric), square (rectangular) end terminal, IPC_7351 nominal, (Body size source: https://docs.google.com/spreadsheets/d/1BsfQQcO9C6DZCsRaXUlFlo91Tg2WpOkGARC1WS5S8t0/edit?usp=sharing), generated with kicad-footprint-generator")
    (tags resistor)
    (path /5D66CB7A)
    (attr smd)
    (fp_text reference Rload1 (at 0 -1.65) (layer F.SilkS)
      (effects (font (size 1 1) (thickness 0.15)))
    )
    (fp_text value 1k (at 0 1.65) (layer F.Fab)
      (effects (font (size 1 1) (thickness 0.15)))
    )
    (fp_text user %R (at 0 0) (layer F.Fab)
      (effects (font (size 0.5 0.5) (thickness 0.08)))
    )
    (fp_line (start 1.68 0.95) (end -1.68 0.95) (layer F.CrtYd) (width 0.05))
    (fp_line (start 1.68 -0.95) (end 1.68 0.95) (layer F.CrtYd) (width 0.05))
    (fp_line (start -1.68 -0.95) (end 1.68 -0.95) (layer F.CrtYd) (width 0.05))
    (fp_line (start -1.68 0.95) (end -1.68 -0.95) (layer F.CrtYd) (width 0.05))
    (fp_line (start -0.258578 0.71) (end 0.258578 0.71) (layer F.SilkS) (width 0.12))
    (fp_line (start -0.258578 -0.71) (end 0.258578 -0.71) (layer F.SilkS) (width 0.12))
    (fp_line (start 1 0.6) (end -1 0.6) (layer F.Fab) (width 0.1))
    (fp_line (start 1 -0.6) (end 1 0.6) (layer F.Fab) (width 0.1))
    (fp_line (start -1 -0.6) (end 1 -0.6) (layer F.Fab) (width 0.1))
    (fp_line (start -1 0.6) (end -1 -0.6) (layer F.Fab) (width 0.1))
    (pad 2 smd roundrect (at 0.9375 0) (size 0.975 1.4) (layers F.Cu F.Paste F.Mask) (roundrect_rratio 0.25)
      (net 2 GND))
    (pad 1 smd roundrect (at -0.9375 0) (size 0.975 1.4) (layers F.Cu F.Paste F.Mask) (roundrect_rratio 0.25)
      (net 8 "Net-(D2-PadC)"))
    (model ${KISYS3DMOD}/Resistor_SMD.3dshapes/R_0805_2012Metric.wrl
      (at (xyz 0 0 0))
      (scale (xyz 1 1 1))
      (rotate (xyz 0 0 0))
    )
  )

  (module Resistor_SMD:R_0805_2012Metric (layer F.Cu) (tedit 5B36C52B) (tstamp 5E83AB06)
    (at 157.527601 84.638001)
    (descr "Resistor SMD 0805 (2012 Metric), square (rectangular) end terminal, IPC_7351 nominal, (Body size source: https://docs.google.com/spreadsheets/d/1BsfQQcO9C6DZCsRaXUlFlo91Tg2WpOkGARC1WS5S8t0/edit?usp=sharing), generated with kicad-footprint-generator")
    (tags resistor)
    (path /5D66D16D)
    (attr smd)
    (fp_text reference Rsafety1 (at 0 -1.65) (layer F.SilkS)
      (effects (font (size 1 1) (thickness 0.15)))
    )
    (fp_text value 1k (at 0 1.65) (layer F.Fab)
      (effects (font (size 1 1) (thickness 0.15)))
    )
    (fp_line (start -1 0.6) (end -1 -0.6) (layer F.Fab) (width 0.1))
    (fp_line (start -1 -0.6) (end 1 -0.6) (layer F.Fab) (width 0.1))
    (fp_line (start 1 -0.6) (end 1 0.6) (layer F.Fab) (width 0.1))
    (fp_line (start 1 0.6) (end -1 0.6) (layer F.Fab) (width 0.1))
    (fp_line (start -0.258578 -0.71) (end 0.258578 -0.71) (layer F.SilkS) (width 0.12))
    (fp_line (start -0.258578 0.71) (end 0.258578 0.71) (layer F.SilkS) (width 0.12))
    (fp_line (start -1.68 0.95) (end -1.68 -0.95) (layer F.CrtYd) (width 0.05))
    (fp_line (start -1.68 -0.95) (end 1.68 -0.95) (layer F.CrtYd) (width 0.05))
    (fp_line (start 1.68 -0.95) (end 1.68 0.95) (layer F.CrtYd) (width 0.05))
    (fp_line (start 1.68 0.95) (end -1.68 0.95) (layer F.CrtYd) (width 0.05))
    (fp_text user %R (at 0 0) (layer F.Fab)
      (effects (font (size 0.5 0.5) (thickness 0.08)))
    )
    (pad 1 smd roundrect (at -0.9375 0) (size 0.975 1.4) (layers F.Cu F.Paste F.Mask) (roundrect_rratio 0.25)
      (net 7 "Net-(D1-PadC)"))
    (pad 2 smd roundrect (at 0.9375 0) (size 0.975 1.4) (layers F.Cu F.Paste F.Mask) (roundrect_rratio 0.25)
      (net 2 GND))
    (model ${KISYS3DMOD}/Resistor_SMD.3dshapes/R_0805_2012Metric.wrl
      (at (xyz 0 0 0))
      (scale (xyz 1 1 1))
      (rotate (xyz 0 0 0))
    )
  )

  (module Resistor_SMD:R_0805_2012Metric (layer F.Cu) (tedit 5B36C52B) (tstamp 5E83AB17)
    (at 153.117601 84.638001)
    (descr "Resistor SMD 0805 (2012 Metric), square (rectangular) end terminal, IPC_7351 nominal, (Body size source: https://docs.google.com/spreadsheets/d/1BsfQQcO9C6DZCsRaXUlFlo91Tg2WpOkGARC1WS5S8t0/edit?usp=sharing), generated with kicad-footprint-generator")
    (tags resistor)
    (path /5D66B1EC)
    (attr smd)
    (fp_text reference Rset1 (at 0 -1.65) (layer F.SilkS)
      (effects (font (size 1 1) (thickness 0.15)))
    )
    (fp_text value 330 (at 0 1.65) (layer F.Fab)
      (effects (font (size 1 1) (thickness 0.15)))
    )
    (fp_text user %R (at 0 0) (layer F.Fab)
      (effects (font (size 0.5 0.5) (thickness 0.08)))
    )
    (fp_line (start 1.68 0.95) (end -1.68 0.95) (layer F.CrtYd) (width 0.05))
    (fp_line (start 1.68 -0.95) (end 1.68 0.95) (layer F.CrtYd) (width 0.05))
    (fp_line (start -1.68 -0.95) (end 1.68 -0.95) (layer F.CrtYd) (width 0.05))
    (fp_line (start -1.68 0.95) (end -1.68 -0.95) (layer F.CrtYd) (width 0.05))
    (fp_line (start -0.258578 0.71) (end 0.258578 0.71) (layer F.SilkS) (width 0.12))
    (fp_line (start -0.258578 -0.71) (end 0.258578 -0.71) (layer F.SilkS) (width 0.12))
    (fp_line (start 1 0.6) (end -1 0.6) (layer F.Fab) (width 0.1))
    (fp_line (start 1 -0.6) (end 1 0.6) (layer F.Fab) (width 0.1))
    (fp_line (start -1 -0.6) (end 1 -0.6) (layer F.Fab) (width 0.1))
    (fp_line (start -1 0.6) (end -1 -0.6) (layer F.Fab) (width 0.1))
    (pad 2 smd roundrect (at 0.9375 0) (size 0.975 1.4) (layers F.Cu F.Paste F.Mask) (roundrect_rratio 0.25)
      (net 2 GND))
    (pad 1 smd roundrect (at -0.9375 0) (size 0.975 1.4) (layers F.Cu F.Paste F.Mask) (roundrect_rratio 0.25)
      (net 14 "Net-(Q4-Pad3)"))
    (model ${KISYS3DMOD}/Resistor_SMD.3dshapes/R_0805_2012Metric.wrl
      (at (xyz 0 0 0))
      (scale (xyz 1 1 1))
      (rotate (xyz 0 0 0))
    )
  )

  (module footprints:SOIC127P600X175-14N (layer F.Cu) (tedit 5E2053AE) (tstamp 5E83AB43)
    (at 167.1019 90.398001)
    (path /5DAF5A05)
    (fp_text reference U1 (at -1.78147 -10.00158) (layer F.SilkS)
      (effects (font (size 1.643181 1.643181) (thickness 0.015)))
    )
    (fp_text value THAT320 (at 11.983115 2.366085) (layer F.Fab)
      (effects (font (size 1.642701 1.642701) (thickness 0.015)))
    )
    (fp_line (start -3.556 0.5588) (end -1.2446 0.5588) (layer F.SilkS) (width 0.1524))
    (fp_line (start -1.2446 -8.1788) (end -2.0828 -8.1788) (layer F.SilkS) (width 0.1524))
    (fp_line (start -2.0828 -8.1788) (end -2.6924 -8.1788) (layer F.SilkS) (width 0.1524))
    (fp_line (start -2.6924 -8.1788) (end -3.556 -8.1788) (layer F.SilkS) (width 0.1524))
    (fp_arc (start -2.3876 -8.1788) (end -2.6924 -8.1788) (angle -180) (layer F.SilkS) (width 0.1))
    (fp_line (start -4.8006 -7.62) (end -4.3942 -7.62) (layer F.Fab) (width 0.1524))
    (fp_line (start -4.8006 -6.35) (end -4.3942 -6.35) (layer F.Fab) (width 0.1524))
    (fp_line (start -4.8006 -5.08) (end -4.3942 -5.08) (layer F.Fab) (width 0.1524))
    (fp_line (start -4.8006 -3.81) (end -4.3942 -3.81) (layer F.Fab) (width 0.1524))
    (fp_line (start -4.8006 -2.54) (end -4.3942 -2.54) (layer F.Fab) (width 0.1524))
    (fp_line (start -4.8006 -1.27) (end -4.3942 -1.27) (layer F.Fab) (width 0.1524))
    (fp_line (start -4.8006 0) (end -4.3942 0) (layer F.Fab) (width 0.1524))
    (fp_line (start 0 0) (end -0.4064 0) (layer F.Fab) (width 0.1524))
    (fp_line (start 0 -1.27) (end -0.4064 -1.27) (layer F.Fab) (width 0.1524))
    (fp_line (start 0 -2.54) (end -0.4064 -2.54) (layer F.Fab) (width 0.1524))
    (fp_line (start 0 -3.81) (end -0.4064 -3.81) (layer F.Fab) (width 0.1524))
    (fp_line (start 0 -5.08) (end -0.4064 -5.08) (layer F.Fab) (width 0.1524))
    (fp_line (start 0 -6.35) (end -0.4064 -6.35) (layer F.Fab) (width 0.1524))
    (fp_line (start 0 -7.62) (end -0.4064 -7.62) (layer F.Fab) (width 0.1524))
    (fp_line (start -4.3942 0.5588) (end -0.4064 0.5588) (layer F.Fab) (width 0.1524))
    (fp_line (start -0.4064 0.5588) (end -0.4064 -8.1788) (layer F.Fab) (width 0.1524))
    (fp_line (start -0.4064 -8.1788) (end -2.0828 -8.1788) (layer F.Fab) (width 0.1524))
    (fp_line (start -2.0828 -8.1788) (end -2.6924 -8.1788) (layer F.Fab) (width 0.1524))
    (fp_line (start -2.6924 -8.1788) (end -4.3942 -8.1788) (layer F.Fab) (width 0.1524))
    (fp_line (start -4.3942 -8.1788) (end -4.3942 0.5588) (layer F.Fab) (width 0.1524))
    (fp_arc (start -2.3876 -8.1788) (end -2.6924 -8.1788) (angle -180) (layer F.Fab) (width 0.1))
    (pad 1 smd rect (at -4.8006 -7.62) (size 2.0574 0.6096) (layers F.Cu F.Paste F.Mask)
      (net 16 "Net-(U1-Pad1)"))
    (pad 2 smd rect (at -4.8006 -6.35) (size 2.0574 0.6096) (layers F.Cu F.Paste F.Mask)
      (net 11 "Net-(Q3-Pad3)"))
    (pad 3 smd rect (at -4.8006 -5.08) (size 2.0574 0.6096) (layers F.Cu F.Paste F.Mask)
      (net 17 +15V_1))
    (pad 4 smd rect (at -4.8006 -3.81) (size 2.0574 0.6096) (layers F.Cu F.Paste F.Mask)
      (net 1 "Net-(C1-Pad1)"))
    (pad 5 smd rect (at -4.8006 -2.54) (size 2.0574 0.6096) (layers F.Cu F.Paste F.Mask)
      (net 17 +15V_1))
    (pad 6 smd rect (at -4.8006 -1.27) (size 2.0574 0.6096) (layers F.Cu F.Paste F.Mask)
      (net 11 "Net-(Q3-Pad3)"))
    (pad 7 smd rect (at -4.8006 0) (size 2.0574 0.6096) (layers F.Cu F.Paste F.Mask)
      (net 18 "Net-(U1-Pad7)"))
    (pad 8 smd rect (at 0 0) (size 2.0574 0.6096) (layers F.Cu F.Paste F.Mask)
      (net 19 "Net-(U1-Pad8)"))
    (pad 9 smd rect (at 0 -1.27) (size 2.0574 0.6096) (layers F.Cu F.Paste F.Mask)
      (net 19 "Net-(U1-Pad8)"))
    (pad 10 smd rect (at 0 -2.54) (size 2.0574 0.6096) (layers F.Cu F.Paste F.Mask)
      (net 17 +15V_1))
    (pad 11 smd rect (at 0 -3.81) (size 2.0574 0.6096) (layers F.Cu F.Paste F.Mask)
      (net 4 "Net-(C3-Pad2)"))
    (pad 12 smd rect (at 0 -5.08) (size 2.0574 0.6096) (layers F.Cu F.Paste F.Mask)
      (net 17 +15V_1))
    (pad 13 smd rect (at 0 -6.35) (size 2.0574 0.6096) (layers F.Cu F.Paste F.Mask)
      (net 11 "Net-(Q3-Pad3)"))
    (pad 14 smd rect (at 0 -7.62) (size 2.0574 0.6096) (layers F.Cu F.Paste F.Mask)
      (net 20 "Net-(U1-Pad14)"))
  )

  (module footprints:SOIC127P600X175-14N (layer F.Cu) (tedit 5E2053AE) (tstamp 5E83AB6F)
    (at 144.7419 91.048001)
    (path /5DAF348A)
    (fp_text reference U2 (at -1.78147 -10.00158) (layer F.SilkS)
      (effects (font (size 1.643181 1.643181) (thickness 0.015)))
    )
    (fp_text value THAT320 (at 11.983115 2.366085) (layer F.Fab)
      (effects (font (size 1.642701 1.642701) (thickness 0.015)))
    )
    (fp_arc (start -2.3876 -8.1788) (end -2.6924 -8.1788) (angle -180) (layer F.Fab) (width 0.1))
    (fp_line (start -4.3942 -8.1788) (end -4.3942 0.5588) (layer F.Fab) (width 0.1524))
    (fp_line (start -2.6924 -8.1788) (end -4.3942 -8.1788) (layer F.Fab) (width 0.1524))
    (fp_line (start -2.0828 -8.1788) (end -2.6924 -8.1788) (layer F.Fab) (width 0.1524))
    (fp_line (start -0.4064 -8.1788) (end -2.0828 -8.1788) (layer F.Fab) (width 0.1524))
    (fp_line (start -0.4064 0.5588) (end -0.4064 -8.1788) (layer F.Fab) (width 0.1524))
    (fp_line (start -4.3942 0.5588) (end -0.4064 0.5588) (layer F.Fab) (width 0.1524))
    (fp_line (start 0 -7.62) (end -0.4064 -7.62) (layer F.Fab) (width 0.1524))
    (fp_line (start 0 -6.35) (end -0.4064 -6.35) (layer F.Fab) (width 0.1524))
    (fp_line (start 0 -5.08) (end -0.4064 -5.08) (layer F.Fab) (width 0.1524))
    (fp_line (start 0 -3.81) (end -0.4064 -3.81) (layer F.Fab) (width 0.1524))
    (fp_line (start 0 -2.54) (end -0.4064 -2.54) (layer F.Fab) (width 0.1524))
    (fp_line (start 0 -1.27) (end -0.4064 -1.27) (layer F.Fab) (width 0.1524))
    (fp_line (start 0 0) (end -0.4064 0) (layer F.Fab) (width 0.1524))
    (fp_line (start -4.8006 0) (end -4.3942 0) (layer F.Fab) (width 0.1524))
    (fp_line (start -4.8006 -1.27) (end -4.3942 -1.27) (layer F.Fab) (width 0.1524))
    (fp_line (start -4.8006 -2.54) (end -4.3942 -2.54) (layer F.Fab) (width 0.1524))
    (fp_line (start -4.8006 -3.81) (end -4.3942 -3.81) (layer F.Fab) (width 0.1524))
    (fp_line (start -4.8006 -5.08) (end -4.3942 -5.08) (layer F.Fab) (width 0.1524))
    (fp_line (start -4.8006 -6.35) (end -4.3942 -6.35) (layer F.Fab) (width 0.1524))
    (fp_line (start -4.8006 -7.62) (end -4.3942 -7.62) (layer F.Fab) (width 0.1524))
    (fp_arc (start -2.3876 -8.1788) (end -2.6924 -8.1788) (angle -180) (layer F.SilkS) (width 0.1))
    (fp_line (start -2.6924 -8.1788) (end -3.556 -8.1788) (layer F.SilkS) (width 0.1524))
    (fp_line (start -2.0828 -8.1788) (end -2.6924 -8.1788) (layer F.SilkS) (width 0.1524))
    (fp_line (start -1.2446 -8.1788) (end -2.0828 -8.1788) (layer F.SilkS) (width 0.1524))
    (fp_line (start -3.556 0.5588) (end -1.2446 0.5588) (layer F.SilkS) (width 0.1524))
    (pad 14 smd rect (at 0 -7.62) (size 2.0574 0.6096) (layers F.Cu F.Paste F.Mask)
      (net 9 "Net-(D2-PadA)"))
    (pad 13 smd rect (at 0 -6.35) (size 2.0574 0.6096) (layers F.Cu F.Paste F.Mask)
      (net 15 "Net-(R1-Pad1)"))
    (pad 12 smd rect (at 0 -5.08) (size 2.0574 0.6096) (layers F.Cu F.Paste F.Mask)
      (net 20 "Net-(U1-Pad14)"))
    (pad 11 smd rect (at 0 -3.81) (size 2.0574 0.6096) (layers F.Cu F.Paste F.Mask)
      (net 5 "Net-(C4-Pad2)"))
    (pad 10 smd rect (at 0 -2.54) (size 2.0574 0.6096) (layers F.Cu F.Paste F.Mask)
      (net 19 "Net-(U1-Pad8)"))
    (pad 9 smd rect (at 0 -1.27) (size 2.0574 0.6096) (layers F.Cu F.Paste F.Mask)
      (net 15 "Net-(R1-Pad1)"))
    (pad 8 smd rect (at 0 0) (size 2.0574 0.6096) (layers F.Cu F.Paste F.Mask)
      (net 15 "Net-(R1-Pad1)"))
    (pad 7 smd rect (at -4.8006 0) (size 2.0574 0.6096) (layers F.Cu F.Paste F.Mask)
      (net 6 "Net-(D1-PadA)"))
    (pad 6 smd rect (at -4.8006 -1.27) (size 2.0574 0.6096) (layers F.Cu F.Paste F.Mask)
      (net 15 "Net-(R1-Pad1)"))
    (pad 5 smd rect (at -4.8006 -2.54) (size 2.0574 0.6096) (layers F.Cu F.Paste F.Mask)
      (net 18 "Net-(U1-Pad7)"))
    (pad 4 smd rect (at -4.8006 -3.81) (size 2.0574 0.6096) (layers F.Cu F.Paste F.Mask)
      (net 3 "Net-(C2-Pad1)"))
    (pad 3 smd rect (at -4.8006 -5.08) (size 2.0574 0.6096) (layers F.Cu F.Paste F.Mask)
      (net 16 "Net-(U1-Pad1)"))
    (pad 2 smd rect (at -4.8006 -6.35) (size 2.0574 0.6096) (layers F.Cu F.Paste F.Mask)
      (net 15 "Net-(R1-Pad1)"))
    (pad 1 smd rect (at -4.8006 -7.62) (size 2.0574 0.6096) (layers F.Cu F.Paste F.Mask)
      (net 10 "Net-(Q3-Pad1)"))
  )

